1|0|3|0|9|u|0|_|a|3|0|9
1|0|0|0|s|t|a|e
1|0|3|2|5|u|0|_|a|3|2|5
1|0|3|0|6|u|0|_|a|3|0|6
1|0|4|2|1|u|0|_|a|4|2|1
1|1|2|6|8|u|0|_|a|1|2|6|8
1|2|0|8|8|u|0|_|a|2|0|8|8
1|0|3|8|6|u|0|_|a|3|8|6
1|0|6|1|1|u|0|_|a|6|1|1
1|0|2|2|8|u|0|_|a|2|2|8
1|0|3|3|3|u|0|_|a|3|3|3
1|0|2|8|2|u|0|_|a|2|8|2
1|0|2|2|8|u|0|_|a|2|2|8
1|0|4|3|4|u|0|_|a|4|3|4
1|0|2|9|0|u|0|_|a|2|9|0
1|0|1|9|8|u|0|_|a|1|9|8
1|0|2|7|1|u|0|_|a|2|7|1
1|0|5|9|8|u|0|_|a|5|9|8
1|0|2|4|7|u|0|_|a|2|4|7
1|0|4|4|8|u|0|_|a|4|4|8
1|0|1|5|9|u|0|_|a|1|5|9
